162,25,1,"GPS",357.1428571428,800,32
"p_r_0001 (1).rd7"
0,0,0,22
"p_r_0001.rd7"
0,0,0,32
"p_r_0002 (1).rd7"
0,0,0,22
"p_r_0002.rd7"
0,0,0,34
"p_r_0003 (1).rd7"
0,0,0,20
"p_r_0003.rd7"
0,0,0,32
"p_r_0004 (1).rd7"
0,0,0,20
"p_r_0004.rd7"
0,0,0,33
"p_r_0005 (1).rd7"
0,0,0,19
"p_r_0005.rd7"
0,0,0,29
"p_r_0006 (1).rd7"
0,0,0,18
"p_r_0006.rd7"
0,0,0,29
"p_r_0007 (1).rd7"
0,0,0,20
"p_r_0007.rd7"
0,0,0,29
"p_r_0008 (1).rd7"
0,0,0,19
"p_r_0008.rd7"
0,0,0,32
"p_r_0009 (1).rd7"
0,0,0,20
"p_r_0009.rd7"
0,0,0,33
"p_r_0010 (1).rd7"
0,0,0,18
"p_r_0010.rd7"
0,0,0,30
"p_r_0011 (1).rd7"
0,0,0,19
"p_r_0011.rd7"
0,0,0,30
"p_r_0012.rd7"
0,0,0,27
"p_r_0013 (1).rd7"
0,0,0,19
"p_r_0013.rd7"
0,0,0,33
"p_r_0014 (1).rd7"
0,0,0,20
"p_r_0014.rd7"
0,0,0,30
"p_r_0015 (1).rd7"
0,0,0,20
"p_r_0015.rd7"
0,0,0,33
"p_r_0016 (1).rd7"
0,0,0,21
"p_r_0016.rd7"
0,0,0,31
"p_r_0017 (1).rd7"
0,0,0,20
"p_r_0017.rd7"
0,0,0,32
"p_r_0018 (1).rd7"
0,0,0,21
"p_r_0018.rd7"
0,0,0,30
"p_r_0019 (1).rd7"
0,0,0,20
"p_r_0019.rd7"
0,0,0,32
"p_r_0020 (1).rd7"
0,0,0,21
"p_r_0020.rd7"
0,0,0,30
"p_r_0021 (1).rd7"
0,0,0,25
"p_r_0021.rd7"
0,0,0,33
"p_r_0022 (1).rd7"
0,0,0,26
"p_r_0022.rd7"
0,0,0,31
"p_r_0023 (1).rd7"
0,0,0,24
"p_r_0023.rd7"
0,0,0,35
"p_r_0024 (1).rd7"
0,0,0,26
"p_r_0024.rd7"
0,0,0,33
"p_r_0025 (1).rd7"
0,0,0,24
"p_r_0025.rd7"
0,0,0,36
"p_r_0026 (1).rd7"
0,0,0,25
"p_r_0026.rd7"
0,0,0,31
"p_r_0027 (1).rd7"
0,0,0,24
"p_r_0027.rd7"
0,0,0,34
"p_r_0028 (1).rd7"
0,0,0,26
"p_r_0028.rd7"
0,0,0,31
"p_r_0029 (1).rd7"
0,0,0,25
"p_r_0029.rd7"
0,0,0,34
"p_r_0030 (1).rd7"
0,0,0,25
"p_r_0030.rd7"
0,0,0,33
"p_r_0031 (1).rd7"
0,0,0,24
"p_r_0031.rd7"
0,0,0,33
"p_r_0032 (1).rd7"
0,0,0,26
"p_r_0032.rd7"
0,0,0,32
"p_r_0033 (1).rd7"
0,0,0,23
"p_r_0033.rd7"
0,0,0,35
"p_r_0034 (1).rd7"
0,0,0,25
"p_r_0034.rd7"
0,0,0,24
"p_r_0035 (1).rd7"
0,0,0,25
"p_r_0035.rd7"
0,0,0,24
"p_r_0036 (1).rd7"
0,0,0,26
"p_r_0036.rd7"
0,0,0,24
"p_r_0037 (1).rd7"
0,0,0,23
"p_r_0037.rd7"
0,0,0,26
"p_r_0038 (1).rd7"
0,0,0,27
"p_r_0038.rd7"
0,0,0,23
"p_r_0039 (1).rd7"
0,0,0,27
"p_r_0039.rd7"
0,0,0,25
"p_r_0040 (1).rd7"
0,0,0,25
"p_r_0040.rd7"
0,0,0,24
"p_r_0041 (1).rd7"
0,0,0,26
"p_r_0041.rd7"
0,0,0,27
"p_r_0042 (1).rd7"
0,0,0,27
"p_r_0042.rd7"
0,0,0,24
"p_r_0043 (1).rd7"
0,0,0,23
"p_r_0043.rd7"
0,0,0,25
"p_r_0044 (1).rd7"
0,0,0,27
"p_r_0044.rd7"
0,0,0,24
"p_r_0045 (1).rd7"
0,0,0,30
"p_r_0045.rd7"
0,0,0,25
"p_r_0046 (1).rd7"
0,0,0,26
"p_r_0046.rd7"
0,0,0,25
"p_r_0047 (1).rd7"
0,0,0,28
"p_r_0047.rd7"
0,0,0,27
"p_r_0048 (1).rd7"
0,0,0,27
"p_r_0048.rd7"
0,0,0,35
"p_r_0049 (1).rd7"
0,0,0,27
"p_r_0049.rd7"
0,0,0,37
"p_r_0050 (1).rd7"
0,0,0,26
"p_r_0050.rd7"
0,0,0,33
"p_r_0051 (1).rd7"
0,0,0,27
"p_r_0051.rd7"
0,0,0,34
"p_r_0052 (1).rd7"
0,0,0,27
"p_r_0052.rd7"
0,0,0,33
"p_r_0053 (1).rd7"
0,0,0,27
"p_r_0053.rd7"
0,0,0,30
"p_r_0054 (1).rd7"
0,0,0,30
"p_r_0054.rd7"
0,0,0,28
"p_r_0055 (1).rd7"
0,0,0,27
"p_r_0055.rd7"
0,0,0,30
"p_r_0056 (1).rd7"
0,0,0,28
"p_r_0056.rd7"
0,0,0,33
"p_r_0057 (1).rd7"
0,0,0,27
"p_r_0057.rd7"
0,0,0,25
"p_r_0058 (1).rd7"
0,0,0,28
"p_r_0058.rd7"
0,0,0,29
"p_r_0059 (1).rd7"
0,0,0,26
"p_r_0059.rd7"
0,0,0,27
"p_r_0060 (1).rd7"
0,0,0,28
"p_r_0060.rd7"
0,0,0,25
"p_r_0061 (1).rd7"
0,0,0,27
"p_r_0061.rd7"
0,0,0,27
"p_r_0062 (1).rd7"
0,0,0,27
"p_r_0062.rd7"
0,0,0,27
"p_r_0063 (1).rd7"
0,0,0,27
"p_r_0063.rd7"
0,0,0,26
"p_r_0064 (1).rd7"
0,0,0,26
"p_r_0064.rd7"
0,0,0,24
"p_r_0065 (1).rd7"
0,0,0,24
"p_r_0065.rd7"
0,0,0,25
"p_r_0066 (1).rd7"
0,0,0,28
"p_r_0066.rd7"
0,0,0,25
"p_r_0067 (1).rd7"
0,0,0,18
"p_r_0067.rd7"
0,0,0,25
"p_r_0068 (1).rd7"
0,0,0,22
"p_r_0068.rd7"
0,0,0,24
"p_r_0069 (1).rd7"
0,0,0,19
"p_r_0069.rd7"
0,0,0,25
"p_r_0070 (1).rd7"
0,0,0,18
"p_r_0070.rd7"
0,0,0,24
"p_r_0071 (1).rd7"
0,0,0,19
"p_r_0071.rd7"
0,0,0,27
"p_r_0072 (1).rd7"
0,0,0,18
"p_r_0072.rd7"
0,0,0,18
"p_r_0073 (1).rd7"
0,0,0,16
"p_r_0073.rd7"
0,0,0,17
"p_r_0074 (1).rd7"
0,0,0,16
"p_r_0074.rd7"
0,0,0,15
"p_r_0075 (1).rd7"
0,0,0,16
"p_r_0075.rd7"
0,0,0,13
"p_r_0076 (1).rd7"
0,0,0,16
"p_r_0076.rd7"
0,0,0,9
"p_r_0077 (1).rd7"
0,0,0,16
"p_r_0077.rd7"
0,0,0,11
"p_r_0078.rd7"
0,0,0,14
"p_r_0079.rd7"
0,0,0,14
"p_r_0080.rd7"
0,0,0,14
"p_r_0081.rd7"
0,0,0,14
"p_r_0082.rd7"
0,0,0,14
"p_r_0083.rd7"
0,0,0,15
"p_r_0084.rd7"
0,0,0,13
"p_r_0085.rd7"
0,0,0,13
"p_r_0086.rd7"
0,0,0,12
